0 221 0
2 0 0
4 0 0
0 -211 0
4 0 0
3 1 0
0 583 0
1 1 -436
0 -862 0
3 3 0
0 -328 0
3 3 0
0 779 0
1 1 594
4 0 1
3 3 0
4 0 2
2 3 0
0 282 0
1 1 307
0 88 0
1 0 635
2 2 0
4 2 3
1 2 689
2 2 0
0 -279 0
2 4 0
0 95 0
2 2 0
1 6 -131
3 1 0
1 6 -434
3 2 0
0 705 0
2 6 0
3 7 0
1 7 404
3 2 0
0 -3 0
0 98 0
0 -428 0
0 -352 0
2 9 0
1 0 -774
3 4 0
4 6 10
0 -761 0
2 6 0
2 3 0
0 -332 0
3 12 0
4 4 2
1 8 312
1 8 -280
2 5 0
2 1 0
3 9 0
4 6 7
3 2 0
0 291 0
3 0 0
2 2 0
3 6 0
0 -46 0
1 4 -886
0 432 0
1 0 621
1 6 895
2 2 0
1 11 539
2 8 0
3 4 0
0 -580 0
3 8 0
3 11 0
0 -313 0
4 14 15
3 12 0
3 13 0
4 14 3
1 5 -475
2 10 0
1 13 642
4 11 12
3 5 0
0 -756 0
2 11 0
4 9 9
4 0 0
3 11 0
4 0 4
3 12 0
1 1 -993
3 4 0
3 6 0
0 89 0
3 6 0
2 13 0
0 -354 0
0 176 0
4 3 2
2 4 0
3 3 0
0 -230 0
2 9 0
4 4 13
0 -802 0
1 10 307
2 4 0
0 -744 0
3 14 0
0 -930 0
4 10 8
4 8 12
0 805 0
0 288 0
1 7 -548
1 8 -551
1 13 966
0 -147 0
1 3 24
4 2 18
3 9 0
2 9 0
1 9 -906
0 31 0
0 758 0
0 -503 0
0 -834 0
4 6 2
2 9 0
0 6 0
0 275 0
0 -967 0
0 593 0
4 17 19
4 22 10
4 17 16
0 -280 0
3 11 0
2 8 0
0 -881 0
1 21 915
1 22 -784
2 14 0
3 1 0
2 5 0
2 16 0
0 -795 0
2 1 0
1 21 469
4 22 11
4 3 13
4 5 19
0 -179 0
0 -995 0
1 3 371
4 22 10
0 -877 0
2 15 0
4 12 14
2 15 0
4 21 4
2 5 0
3 9 0
4 2 4
1 8 -804
4 18 17
1 7 623
0 -49 0
2 16 0
3 10 0
2 10 0
0 331 0
3 7 0
1 17 -148
2 12 0
1 19 352
0 -750 0
1 12 929
4 8 11
0 -326 0
1 1 -970
0 -232 0
1 16 105
1 13 -512
2 17 0
3 9 0
3 14 0
4 18 8
1 18 -760
0 265 0
3 19 0
3 17 0
1 16 612
1 9 -24
0 621 0
0 794 0
1 24 821
4 7 9
4 11 0
3 23 0
1 6 948
2 5 0
1 20 -680
2 7 0
1 19 195
2 21 0
4 16 11
3 19 0
2 20 0
2 8 0
3 9 0
2 6 0
1 22 -119
0 896 0
4 2 5
2 5 0
0 39 0
3 20 0
3 21 0
0 943 0
4 3 3
2 14 0
2 14 0
4 7 5
1 0 871
3 11 0
0 -156 0
4 19 7
3 4 0
1 11 961
1 17 499
1 21 -66
1 3 431
0 -176 0
2 20 0
3 22 0
3 4 0
1 8 719
1 2 921
2 13 0
2 20 0
1 20 564
3 1 0
2 13 0
0 432 0
3 19 0
4 8 21
0 -490 0
0 449 0
0 -504 0
3 21 0
3 16 0
4 1 4
2 0 0
1 2 79
2 24 0
1 3 -198
3 19 0
4 22 0
1 17 169
3 23 0
3 6 0
0 -625 0
2 12 0
1 2 -143
4 6 13
2 17 0
4 21 5
3 8 0
4 24 16
0 -252 0
3 18 0
2 2 0
2 1 0
3 15 0
1 8 -377
2 8 0
1 3 464
2 21 0
2 14 0
3 7 0
3 21 0
0 -197 0
1 24 326
2 14 0
4 18 9
4 9 13
2 5 0
3 11 0
3 21 0
0 -713 0
4 21 3
0 365 0
1 15 44
0 578 0
4 10 4
2 14 0
0 -710 0
0 -871 0
4 20 4
4 8 7
2 21 0
1 21 181
3 1 0
4 23 17
0 577 0
3 6 0
1 20 0
2 21 0
2 19 0
0 -30 0
3 5 0
0 942 0
0 -222 0
2 26 0
1 0 199
4 5 10
3 12 0
4 15 7
1 16 -676
2 2 0
1 6 158
3 16 0
2 10 0
2 10 0
3 6 0
2 2 0
1 20 405
4 13 2
2 20 0
3 11 0
2 23 0
1 22 811
2 2 0
4 7 15
2 3 0
0 -449 0
4 20 15
4 21 10
4 11 10
2 15 0
4 19 19
4 1 4
1 10 78
0 129 0
4 5 10
3 2 0
0 -558 0
3 3 0
4 16 15
0 -504 0
4 17 7
0 15 0
1 16 -807
0 -703 0
1 11 -83
3 14 0
3 8 0
2 14 0
4 14 18
1 8 -711
0 -999 0
4 7 18
0 -564 0
0 699 0
2 17 0
0 151 0
2 7 0
1 3 352
2 1 0
1 20 311
1 2 -105
2 14 0
0 -469 0
0 298 0
3 2 0
2 25 0
0 237 0
2 7 0
4 1 19
1 8 221
4 20 10
2 3 0
0 898 0
3 15 0
0 532 0
3 15 0
3 12 0
3 16 0
4 19 23
2 15 0
3 7 0
2 13 0
2 7 0
2 18 0
4 24 18
3 14 0
3 2 0
4 22 0
4 8 12
0 819 0
2 3 0
0 -217 0
2 4 0
3 0 0
4 11 16
0 -399 0
1 15 124
4 0 1
4 8 15
0 77 0
0 -947 0
0 -900 0
4 13 19
2 15 0
3 14 0
0 -135 0
3 11 0
1 24 -915
0 -291 0
2 21 0
2 2 0
4 26 15
0 575 0
0 -356 0
2 6 0
1 26 -578
0 -455 0
2 26 0
2 11 0
2 15 0
2 23 0
4 4 26
1 18 -994
3 19 0
3 14 0
3 1 0
1 5 744
0 -593 0
2 0 0
2 8 0
0 -75 0
0 913 0
2 15 0
1 23 -128
3 15 0
1 13 -259
2 6 0
3 21 0
4 13 21
4 12 17
3 7 0
3 23 0
2 24 0
3 20 0
0 807 0
1 8 -258
1 1 -146
4 4 7
1 19 -854
4 19 7
3 14 0
1 22 -471
4 19 3
0 989 0
4 13 24
2 18 0
1 27 8
3 6 0
1 12 110
4 7 7
4 23 4
0 -672 0
1 5 -795
4 1 1
0 291 0
3 15 0
0 405 0
3 27 0
2 6 0
2 24 0
3 23 0
4 23 8
1 27 -807
3 22 0
2 7 0
2 19 0
4 11 24
0 779 0
0 -565 0
1 19 911
2 1 0
4 21 27
1 13 -200
1 20 847
4 8 5
1 23 -679
1 4 293
3 27 0
3 17 0
0 -937 0
4 0 19
4 14 1
4 23 7
4 8 8
2 5 0
2 3 0
0 320 0
2 12 0
1 19 -722
0 -550 0
1 2 -752
1 19 -137
4 1 13
1 2 532
3 21 0
3 26 0
0 -4 0
3 2 0
4 4 21
3 20 0
1 17 807
3 10 0
2 0 0
2 8 0
0 -786 0
4 20 22
4 16 25
0 -693 0
4 4 25
1 5 -494
1 19 227
2 22 0
2 4 0
0 -519 0
0 818 0
4 23 6
1 1 363
0 -793 0
3 20 0
2 13 0
1 24 -339
2 25 0
1 26 419
0 -640 0
1 27 154
0 114 0
3 21 0
1 6 -178
3 16 0
3 22 0
2 17 0
3 4 0
4 20 14
0 388 0
2 26 0
3 26 0
3 29 0
4 8 23
2 12 0
1 19 435
3 2 0
3 5 0
3 6 0
0 -536 0
4 10 3
2 2 0
2 16 0
4 19 21
3 20 0
1 5 -476
2 13 0
0 14 0
3 20 0
4 20 4
1 9 -505
4 4 22
0 -85 0
3 23 0
4 13 25
2 0 0
0 261 0
0 -607 0
2 5 0
0 505 0
3 7 0
4 1 3
0 -917 0
2 27 0
3 8 0
0 -298 0
3 19 0
2 7 0
1 29 -141
0 -113 0
4 5 17
0 -645 0
2 7 0
2 14 0
1 7 778
3 23 0
2 16 0
4 16 21
0 -420 0
4 29 15
3 5 0
2 30 0
3 5 0
3 24 0
2 9 0
4 6 4
1 13 -504
2 11 0
1 1 -884
4 15 25
3 10 0
3 19 0
2 4 0
2 19 0
2 24 0
0 -460 0
3 6 0
3 23 0
0 581 0
3 1 0
0 999 0
3 30 0
4 4 13
2 10 0
0 282 0
4 18 26
2 15 0
2 14 0
4 26 6
4 27 16
3 9 0
0 -670 0
0 -223 0
4 12 16
2 9 0
4 4 5
3 9 0
1 9 -432
0 -528 0
4 20 24
3 1 0
1 10 812
0 -213 0
4 15 14
4 23 14
1 16 64
0 -946 0
2 16 0
0 641 0
4 5 10
3 28 0
0 747 0
1 14 -83
1 0 -359
1 7 758
1 2 -454
4 26 24
3 28 0
0 707 0
1 11 229
4 8 6
0 -443 0
2 25 0
3 1 0
1 21 204
1 8 73
2 21 0
1 15 -971
2 0 0
3 26 0
3 19 0
0 -928 0
4 7 28
2 10 0
1 8 -237
1 4 -463
0 -38 0
4 12 12
2 8 0
4 3 6
3 10 0
1 16 286
2 16 0
0 -625 0
4 5 28
3 24 0
1 6 -115
0 156 0
4 23 10
2 27 0
3 11 0
0 -961 0
0 883 0
2 15 0
1 6 -127
2 24 0
1 17 687
4 1 28
2 7 0
2 0 0
0 -779 0
4 3 31
0 341 0
4 7 3
1 27 -79
3 7 0
0 239 0
2 29 0
3 17 0
1 18 -226
4 28 17
2 6 0
0 -837 0
0 -275 0
3 0 0
3 31 0
1 1 -520
4 15 30
4 31 12
4 29 12
4 10 17
2 10 0
3 19 0
2 4 0
4 23 28
2 26 0
1 12 -459
1 15 164
4 3 15
3 19 0
2 14 0
4 20 2
0 330 0
4 2 22
3 19 0
2 16 0
0 -367 0
0 615 0
4 18 17
3 4 0
1 9 624
2 23 0
4 10 23
4 19 24
2 23 0
3 20 0
4 14 21
2 1 0
0 -621 0
0 -502 0
2 18 0
1 18 32
3 23 0
4 18 19
4 5 24
0 -39 0
2 8 0
1 10 590
1 2 -753
2 24 0
2 22 0
2 7 0
4 14 15
2 17 0
0 647 0
1 13 -968
3 16 0
4 20 21
1 11 633
0 187 0
0 -182 0
3 18 0
3 9 0
3 1 0
4 6 8
3 23 0
2 16 0
3 2 0
3 4 0
3 13 0
1 13 807
1 6 -539
2 3 0
3 20 0
0 902 0
2 9 0
1 11 -919
4 11 3
4 6 8
3 15 0
1 15 739
1 6 -250
1 3 186
0 754 0
4 1 12
3 18 0
2 23 0
4 15 22
2 4 0
3 1 0
3 20 0
3 0 0
3 2 0
3 9 0
1 16 -170
1 21 -793
3 0 0
3 2 0
4 11 16
4 19 21
2 15 0
1 2 -932
1 9 732
1 20 -889
2 17 0
1 11 622
4 19 3
3 10 0
2 10 0
0 807 0
1 5 761
3 12 0
4 10 3
1 19 716
2 4 0
1 0 -763
4 8 0
0 936 0
3 10 0
0 -576 0
0 -957 0
2 5 0
2 11 0
4 14 3
3 9 0
2 4 0
4 2 15
4 18 5
4 12 18
0 -900 0
4 14 0
2 14 0
4 8 7
0 -823 0
3 13 0
4 2 0
1 8 -654
3 2 0
3 6 0
2 12 0
2 5 0
1 14 312
4 13 16
0 -486 0
1 14 442
3 8 0
3 13 0
4 7 3
4 13 6
3 12 0
4 12 11
2 7 0
4 11 12
0 324 0
3 4 0
4 0 3
4 2 9
4 1 4
0 196 0
1 4 -155
1 3 600
3 3 0
2 10 0
1 5 487
3 5 0
3 1 0
2 5 0
4 7 3
1 3 398
1 6 -127
1 2 -227
1 2 -478
2 8 0
0 666 0
1 1 981
0 -771 0
1 10 328
3 3 0
1 2 312
0 -157 0
2 7 0
2 11 0
4 6 6
0 -534 0
3 6 0
2 7 0
1 2 -849
1 10 666
4 6 11
0 -199 0
1 12 752
2 12 0
4 12 14
1 2 -563
0 264 0
0 -458 0
1 10 -869
2 2 0
2 6 0
3 1 0
1 15 -831
2 15 0
3 8 0
4 14 0
0 675 0
3 11 0
0 -174 0
4 16 3
4 11 10
0 105 0
4 7 13
3 1 0
4 4 3
3 1 0
0 280 0
2 0 0
2 1 0
4 8 5
3 9 0
2 12 0
2 6 0
1 11 -362
3 0 0
2 6 0
3 1 0
4 13 8
1 7 926
4 6 7
0 204 0
4 11 0
0 -133 0
4 1 9
0 -512 0
1 7 -512
1 4 -804
3 5 0
1 10 7
4 7 1
4 2 10
1 3 -575
2 2 0
1 8 331
0 969 0
2 2 0
2 0 0
4 0 3
1 0 -891
4 8 6
1 3 253
3 6 0
4 7 1
3 2 0
3 2 0
0 714 0
0 234 0
3 9 0
3 2 0
0 129 0
4 1 10
1 7 -939
0 -414 0
0 -377 0
2 1 0
1 8 343
3 12 0
1 8 2
0 823 0
2 13 0
0 778 0
4 10 12
2 0 0
3 0 0
1 1 73
4 2 5
2 9 0
4 2 9
4 4 7
